step,CGM,Action,Active agent,Jerry_Reward,Morty_Reward,Rick_Reward,Total_Reward,Done,Truncation
1.0,173.317,0.04,Rick,0.0,0.0,-2109.522,-2109.522,0.0,0.0
2.0,170.801,0.0,Rick,0.0,0.0,-1872.692,-1872.692,False,False
3.0,169.074,0.02,Rick,0.0,0.0,-1717.55,-1717.55,False,False
4.0,167.825,0.07,Rick,0.0,0.0,-1608.959,-1608.959,False,False
5.0,166.755,0.04,Rick,0.0,0.0,-1518.45,-1518.45,False,False
6.0,165.583,0.06,Rick,0.0,0.0,-1422.004,-1422.004,False,False
7.0,164.045,0.08,Rick,0.0,0.0,-1299.504,-1299.504,False,False
8.0,161.887,0.1,Rick,0.0,0.0,-1135.633,-1135.633,False,False
9.0,158.904,0.06,Rick,0.0,0.0,-924.495,-924.495,False,False
10.0,155.122,0.09,Rick,0.0,0.0,-682.343,-682.343,False,False
11.0,150.904,0.02,Rick,0.0,0.0,-445.996,-445.996,False,False
12.0,146.691,0.09,Rick,0.0,0.0,-245.516,-245.516,False,False
13.0,142.933,0.03,Rick,0.0,0.0,-96.608,-96.608,False,False
14.0,140.046,0.05,Rick,0.0,0.0,-1.369,-1.369,False,False
15.0,138.228,0.01,Rick,0.0,0.0,50.008,50.008,False,False
16.0,137.358,0.03,Morty,0.0,72.284,50.008,122.292,False,False
17.0,137.239,0.02,Morty,0.0,75.208,50.008,125.216,False,False
18.0,137.679,0.02,Morty,0.0,64.248,50.008,114.256,False,False
19.0,138.483,0.01,Morty,0.0,43.217,50.008,93.225,False,False
20.0,139.438,0.05,Morty,0.0,16.542,50.008,66.55,False,False
21.0,140.304,0.01,Morty,0.0,-9.227,50.008,40.781,False,False
22.0,140.836,0.04,Rick,0.0,-9.227,-25.779,-35.006,False,False
23.0,140.787,0.02,Rick,0.0,-9.227,-24.239,-33.467,False,False
24.0,139.955,0.04,Rick,0.0,-9.227,1.362,-7.866,False,False
25.0,138.379,0.08,Morty,0.0,46.007,1.362,47.369,False,False
26.0,136.469,0.06,Morty,0.0,93.469,1.362,94.83,False,False
27.0,134.715,0.03,Morty,0.0,130.628,1.362,131.99,False,False
28.0,133.607,0.06,Morty,0.0,150.922,1.362,152.284,False,False
29.0,133.571,0.04,Morty,0.0,151.535,1.362,152.897,False,False
30.0,134.642,0.02,Morty,0.0,132.028,1.362,133.39,False,False
31.0,136.268,0.02,Morty,0.0,98.025,1.362,99.386,False,False
32.0,137.768,0.05,Morty,0.0,61.985,1.362,63.346,False,False
33.0,138.459,0.03,Morty,0.0,43.865,1.362,45.227,False,False
34.0,137.737,0.0,Morty,0.0,62.759,1.362,64.121,False,False
35.0,135.469,0.05,Morty,0.0,115.403,1.362,116.765,False,False
36.0,132.221,0.0,Morty,0.0,172.862,1.362,174.224,False,False
37.0,128.717,0.05,Morty,0.0,211.187,1.362,212.548,False,False
38.0,125.681,0.03,Morty,0.0,224.537,1.362,225.898,False,False
39.0,123.775,0.03,Morty,0.0,223.499,1.362,224.861,False,False
40.0,123.292,0.05,Morty,0.0,222.081,1.362,223.443,False,False
41.0,123.966,0.02,Morty,0.0,223.931,1.362,225.293,False,False
42.0,125.412,0.04,Morty,0.0,224.83,1.362,226.192,False,False
43.0,127.242,0.02,Morty,0.0,219.974,1.362,221.336,False,False
44.0,129.068,0.04,Morty,0.0,208.45,1.362,209.812,False,False
45.0,130.504,0.01,Morty,0.0,194.709,1.362,196.071,False,False
46.0,131.161,0.01,Morty,0.0,187.037,1.362,188.399,False,False
47.0,130.654,0.03,Morty,0.0,193.033,1.362,194.395,False,False
48.0,128.594,0.06,Morty,0.0,212.082,1.362,213.444,False,False
49.0,126.523,0.03,Morty,0.0,222.681,1.362,224.043,False,False
50.0,126.941,0.05,Morty,0.0,221.234,1.362,222.596,False,False
51.0,127.615,0.03,Morty,0.0,218.163,1.362,219.525,False,False
52.0,128.431,0.02,Morty,0.0,213.23,1.362,214.592,False,False
53.0,129.273,0.01,Morty,0.0,206.737,1.362,208.099,False,False
54.0,130.028,0.03,Morty,0.0,199.716,1.362,201.078,False,False
55.0,130.58,0.03,Morty,0.0,193.86,1.362,195.221,False,False
56.0,130.815,0.06,Morty,0.0,191.189,1.362,192.55,False,False
57.0,130.617,0.05,Morty,0.0,193.453,1.362,194.815,False,False
58.0,129.871,0.05,Morty,0.0,201.27,1.362,202.632,False,False
59.0,128.485,0.06,Morty,0.0,212.854,1.362,214.216,False,False
60.0,126.493,0.03,Morty,0.0,222.772,1.362,224.134,False,False
61.0,124.12,0.05,Morty,0.0,224.226,1.362,225.588,False,False
62.0,121.637,0.02,Morty,0.0,213.69,1.362,215.052,False,False
63.0,119.312,0.02,Morty,0.0,192.648,1.362,194.01,False,False
64.0,117.397,0.04,Morty,0.0,167.187,1.362,168.549,False,False
65.0,116.032,0.01,Morty,0.0,144.574,1.362,145.936,False,False
66.0,115.197,0.0,Morty,0.0,128.895,1.362,130.257,False,False
67.0,114.833,0.01,Morty,0.0,121.625,1.362,122.987,False,False
68.0,114.882,0.02,Morty,0.0,122.625,1.362,123.987,False,False
69.0,115.283,0.0,Morty,0.0,130.589,1.362,131.951,False,False
70.0,115.958,0.05,Morty,0.0,143.247,1.362,144.609,False,False
71.0,116.8,0.02,Morty,0.0,157.763,1.362,159.125,False,False
72.0,117.697,0.03,Morty,0.0,171.668,1.362,173.029,False,False
73.0,118.537,0.03,Morty,0.0,183.228,1.362,184.59,False,False
74.0,119.207,0.03,Morty,0.0,191.443,1.362,192.805,False,False
75.0,119.594,0.06,Morty,0.0,195.772,1.362,197.133,False,False
76.0,119.579,0.02,Morty,0.0,195.613,1.362,196.975,False,False
77.0,119.045,0.05,Morty,0.0,189.543,1.362,190.905,False,False
78.0,117.875,0.01,Morty,0.0,174.234,1.362,175.595,False,False
79.0,115.985,0.03,Morty,0.0,143.723,1.362,145.085,False,False
80.0,113.503,0.06,Morty,0.0,92.809,1.362,94.17,False,False
81.0,110.873,0.01,Morty,0.0,25.426,1.362,26.787,False,False
82.0,108.61,0.06,Morty,0.0,-43.623,1.362,-42.261,False,False
83.0,107.229,0.02,Morty,0.0,-90.804,1.362,-89.442,False,False
84.0,107.18,0.02,Morty,0.0,-92.568,1.362,-91.206,False,False
85.0,108.526,0.01,Morty,0.0,-46.405,1.362,-45.043,False,False
86.0,110.752,0.01,Morty,0.0,22.0,1.362,23.361,False,False
87.0,113.215,0.04,Morty,0.0,86.123,1.362,87.485,False,False
88.0,115.272,0.04,Morty,0.0,130.356,1.362,131.718,False,False
89.0,116.335,0.06,Morty,0.0,149.924,1.362,151.286,False,False
90.0,116.174,0.05,Morty,0.0,147.102,1.362,148.464,False,False
91.0,115.083,0.05,Morty,0.0,126.645,1.362,128.006,False,False
92.0,113.474,0.03,Morty,0.0,92.141,1.362,93.503,False,False
93.0,111.759,0.03,Morty,0.0,49.687,1.362,51.049,False,False
94.0,110.353,0.01,Morty,0.0,10.452,1.362,11.814,False,False
95.0,109.665,0.04,Morty,0.0,-10.152,1.362,-8.791,False,False
96.0,110.11,0.03,Morty,0.0,3.29,1.362,4.652,False,False
97.0,112.099,0.03,Morty,0.0,58.569,1.362,59.93,False,False
98.0,116.045,0.01,Morty,0.0,144.807,1.362,146.169,False,False
99.0,119.063,0.02,Morty,0.0,189.755,1.362,191.117,False,False
100.0,117.348,0.02,Morty,0.0,166.44,1.362,167.802,False,False
101.0,115.911,0.06,Morty,0.0,142.384,1.362,143.746,False,False
102.0,114.723,0.04,Morty,0.0,119.38,1.362,120.742,False,False
103.0,113.754,0.06,Morty,0.0,98.535,1.362,99.897,False,False
104.0,112.975,0.01,Morty,0.0,80.408,1.362,81.77,False,False
105.0,112.356,0.02,Morty,0.0,65.134,1.362,66.496,False,False
106.0,111.867,0.05,Morty,0.0,52.525,1.362,53.886,False,False
107.0,111.478,0.05,Morty,0.0,42.157,1.362,43.518,False,False
108.0,111.159,0.01,Morty,0.0,33.439,1.362,34.801,False,False
109.0,110.877,0.02,Morty,0.0,25.551,1.362,26.913,False,False
110.0,110.573,0.05,Morty,0.0,16.868,1.362,18.23,False,False
111.0,110.152,0.03,Morty,0.0,4.525,1.362,5.887,False,False
112.0,109.509,0.05,Morty,0.0,-14.973,1.362,-13.611,False,False
113.0,108.542,0.0,Morty,0.0,-45.88,1.362,-44.518,False,False
114.0,107.17,0.02,Morty,0.0,-92.906,1.362,-91.544,False,False
115.0,105.46,0.06,Morty,0.0,-156.81,1.362,-155.449,False,False
116.0,103.694,0.02,Morty,0.0,-228.928,1.362,-227.566,False,False
117.0,102.205,0.03,Morty,0.0,-294.629,1.362,-293.267,False,False
118.0,101.322,0.01,Morty,0.0,-335.645,1.362,-334.283,False,False
119.0,101.333,0.04,Morty,0.0,-335.116,1.362,-333.755,False,False
120.0,102.255,0.02,Morty,0.0,-292.317,1.362,-290.955,False,False
121.0,103.702,0.03,Morty,0.0,-228.604,1.362,-227.242,False,False
122.0,105.197,0.04,Morty,0.0,-167.167,1.362,-165.805,False,False
123.0,106.263,0.02,Morty,0.0,-126.06,1.362,-124.698,False,False
124.0,106.475,0.02,Morty,0.0,-118.182,1.362,-116.821,False,False
125.0,105.699,0.0,Morty,0.0,-147.516,1.362,-146.154,False,False
126.0,104.248,0.01,Morty,0.0,-205.633,1.362,-204.271,False,False
127.0,102.532,0.05,Morty,0.0,-279.829,1.362,-278.468,False,False
128.0,100.959,0.0,Morty,0.0,-352.968,1.362,-351.606,False,False
129.0,99.91,0.04,Morty,0.0,-404.498,1.362,-403.137,False,False
130.0,99.583,0.01,Jerry,-421.036,-404.498,1.362,-824.172,False,False
131.0,99.902,0.0,Jerry,-404.928,-404.498,1.362,-808.065,False,False
132.0,100.731,0.0,Jerry,-363.984,-404.498,1.362,-767.121,False,False
133.0,101.935,0.0,Morty,-363.984,-306.987,1.362,-669.61,False,False
134.0,103.376,0.02,Morty,-363.984,-242.598,1.362,-605.221,False,False
135.0,104.901,0.0,Morty,-363.984,-178.961,1.362,-541.583,False,False
136.0,106.337,0.05,Morty,-363.984,-123.295,1.362,-485.917,False,False
137.0,107.506,0.01,Morty,-363.984,-81.036,1.362,-443.658,False,False
138.0,108.229,0.01,Morty,-363.984,-56.256,1.362,-418.879,False,False
139.0,108.349,0.01,Morty,-363.984,-52.24,1.362,-414.862,False,False
140.0,107.834,0.04,Morty,-363.984,-69.676,1.362,-432.299,False,False
141.0,106.837,0.02,Morty,-363.984,-104.908,1.362,-467.531,False,False
142.0,105.554,0.01,Morty,-363.984,-153.166,1.362,-515.788,False,False
143.0,104.18,0.06,Morty,-363.984,-208.462,1.362,-571.084,False,False
144.0,102.913,0.01,Morty,-363.984,-262.856,1.362,-625.478,False,False
145.0,101.946,0.05,Morty,-363.984,-306.487,1.362,-669.109,False,False
146.0,101.476,0.0,Morty,-363.984,-328.367,1.362,-690.989,False,False
147.0,101.699,0.05,Morty,-363.984,-317.943,1.362,-680.565,False,False
148.0,102.809,0.0,Morty,-363.984,-267.424,1.362,-630.047,False,False
149.0,105.207,0.02,Morty,-363.984,-166.754,1.362,-529.377,False,False
150.0,108.507,0.04,Morty,-363.984,-47.006,1.362,-409.628,False,False
151.0,110.89,0.05,Morty,-363.984,25.908,1.362,-336.715,False,False
152.0,112.435,0.05,Morty,-363.984,67.122,1.362,-295.501,False,False
153.0,113.223,0.0,Morty,-363.984,86.292,1.362,-276.331,False,False
154.0,113.333,0.04,Morty,-363.984,88.871,1.362,-273.752,False,False
155.0,112.845,0.01,Morty,-363.984,77.255,1.362,-285.367,False,False
156.0,111.84,0.06,Morty,-363.984,51.808,1.362,-310.814,False,False
157.0,110.397,0.01,Morty,-363.984,11.748,1.362,-350.875,False,False
158.0,108.596,0.03,Morty,-363.984,-44.088,1.362,-406.711,False,False
159.0,106.522,0.05,Morty,-363.984,-116.45,1.362,-479.073,False,False
160.0,104.283,0.06,Morty,-363.984,-204.212,1.362,-566.835,False,False
161.0,102.026,0.02,Morty,-363.984,-302.814,1.362,-665.437,False,False
162.0,99.911,0.03,Morty,-363.984,-404.466,1.362,-767.089,False,False
163.0,98.12,0.0,Jerry,-497.561,-404.466,1.362,-900.665,False,False
164.0,96.859,0.0,Jerry,-566.921,-404.466,1.362,-970.025,False,False
165.0,96.269,0.0,Jerry,-600.493,-404.466,1.362,-1003.598,False,False
166.0,96.341,0.0,Jerry,-596.312,-404.466,1.362,-999.417,False,False
167.0,97.01,0.0,Jerry,-558.426,-404.466,1.362,-961.531,False,False
168.0,98.171,0.0,Jerry,-494.778,-404.466,1.362,-897.882,False,False
169.0,99.696,0.0,Jerry,-415.309,-404.466,1.362,-818.414,False,False
170.0,101.491,0.0,Jerry,-327.694,-404.466,1.362,-730.799,False,False
171.0,103.545,0.0,Morty,-327.694,-235.331,1.362,-561.664,False,False
172.0,105.863,0.02,Morty,-327.694,-141.211,1.362,-467.543,False,False
173.0,108.46,0.03,Morty,-327.694,-48.585,1.362,-374.918,False,False
174.0,111.356,0.0,Morty,-327.694,38.845,1.362,-287.488,False,False
175.0,114.559,0.04,Morty,-327.694,115.989,1.362,-210.344,False,False
176.0,118.04,0.06,Morty,-327.694,176.552,1.362,-149.781,False,False
177.0,121.77,0.06,Morty,-327.694,214.567,1.362,-111.766,False,False
178.0,125.733,0.01,Morty,-327.694,224.462,1.362,-101.87,False,False
179.0,129.89,0.03,Morty,-327.694,201.083,1.362,-125.249,False,False
180.0,134.033,0.0,Morty,-327.694,143.401,1.362,-182.931,False,False
181.0,137.696,0.0,Morty,-327.694,63.823,1.362,-262.51,False,False
182.0,140.355,0.03,Morty,-327.694,-10.775,1.362,-337.107,False,False
183.0,141.489,0.02,Rick,-327.694,-10.775,-46.896,-385.365,False,False
184.0,140.657,0.04,Rick,-327.694,-10.775,-20.144,-358.613,False,False
185.0,137.902,0.03,Rick,-327.694,-10.775,58.548,-279.921,False,False
186.0,133.993,0.04,Morty,-327.694,144.121,58.548,-125.025,False,False
187.0,129.863,0.01,Morty,-327.694,201.35,58.548,-67.796,False,False
188.0,126.441,0.0,Morty,-327.694,222.922,58.548,-46.224,False,False
189.0,124.577,0.0,Morty,-327.694,224.821,58.548,-44.326,False,False
190.0,124.631,0.0,Morty,-327.694,224.864,58.548,-44.282,False,False
191.0,126.24,0.0,Morty,-327.694,223.463,58.548,-45.683,False,False
192.0,128.874,0.04,Morty,-327.694,209.994,58.548,-59.152,False,False
193.0,132.005,0.02,Morty,-327.694,175.933,58.548,-93.213,False,False
194.0,135.104,0.02,Morty,-327.694,122.916,58.548,-146.23,False,False
195.0,137.641,0.04,Morty,-327.694,65.213,58.548,-203.934,False,False
196.0,139.086,0.0,Morty,-327.694,26.588,58.548,-242.558,False,False
197.0,138.909,0.03,Morty,-327.694,31.547,58.548,-237.599,False,False
198.0,136.578,0.0,Morty,-327.694,90.939,58.548,-178.208,False,False
199.0,134.947,0.0,Morty,-327.694,126.063,58.548,-143.083,False,False
200.0,137.763,0.05,Morty,-327.694,62.103,58.548,-207.043,False,False
201.0,139.761,0.05,Morty,-327.694,7.112,58.548,-262.035,False,False
202.0,141.108,0.06,Morty,-327.694,-34.466,58.548,-303.612,False,False
203.0,141.971,0.06,Rick,-327.694,-34.466,-63.019,-425.18,False,False
204.0,142.518,0.06,Rick,-327.694,-34.466,-81.872,-444.032,False,False
205.0,142.915,0.03,Rick,-327.694,-34.466,-95.94,-458.1,False,False
206.0,143.329,0.05,Rick,-327.694,-34.466,-110.954,-473.115,False,False
207.0,143.927,0.1,Rick,-327.694,-34.466,-133.24,-495.4,False,False
208.0,144.876,0.05,Rick,-327.694,-34.466,-170.049,-532.21,False,False
209.0,146.309,0.06,Rick,-327.694,-34.466,-229.073,-591.234,False,False
210.0,148.167,0.02,Rick,-327.694,-34.466,-311.693,-673.853,False,False
211.0,150.098,0.09,Rick,-327.694,-34.466,-404.887,-767.047,False,False
212.0,151.686,0.07,Rick,-327.694,-34.466,-487.133,-849.293,False,False
213.0,152.516,0.01,Rick,-327.694,-34.466,-532.104,-894.264,False,False
214.0,152.214,0.03,Rick,-327.694,-34.466,-515.62,-877.781,False,False
215.0,150.672,0.08,Rick,-327.694,-34.466,-434.047,-796.207,False,False
216.0,148.171,0.0,Rick,-327.694,-34.466,-311.879,-674.039,False,False
217.0,145.08,0.1,Rick,-327.694,-34.466,-178.225,-540.386,False,False
218.0,141.771,0.08,Rick,-327.694,-34.466,-56.282,-418.442,False,False
219.0,138.6,0.1,Rick,-327.694,-34.466,40.051,-322.109,False,False
220.0,135.835,0.09,Morty,-327.694,107.6,40.051,-180.043,False,False
221.0,133.62,0.04,Morty,-327.694,150.703,40.051,-136.94,False,False
222.0,132.066,0.02,Morty,-327.694,175.071,40.051,-112.573,False,False
223.0,131.288,0.06,Morty,-327.694,185.457,40.051,-102.187,False,False
224.0,131.375,0.03,Morty,-327.694,184.36,40.051,-103.283,False,False
225.0,132.26,0.05,Morty,-327.694,172.287,40.051,-115.356,False,False
226.0,133.648,0.04,Morty,-327.694,150.219,40.051,-137.424,False,False
227.0,135.189,0.06,Morty,-327.694,121.181,40.051,-166.462,False,False
228.0,136.538,0.0,Morty,-327.694,91.868,40.051,-195.775,False,False
229.0,137.381,0.03,Morty,-327.694,71.704,40.051,-215.939,False,False
230.0,137.601,0.06,Morty,-327.694,66.203,40.051,-221.44,False,False
231.0,137.377,0.04,Morty,-327.694,71.821,40.051,-215.822,False,False
232.0,136.945,0.01,Morty,-327.694,82.312,40.051,-205.331,False,False
233.0,136.54,0.06,Morty,-327.694,91.824,40.051,-195.819,False,False
234.0,136.391,0.04,Morty,-327.694,95.255,40.051,-192.388,False,False
235.0,136.73,0.04,Morty,-327.694,87.401,40.051,-200.242,False,False
236.0,137.804,0.03,Morty,-327.694,61.046,40.051,-226.597,False,False
237.0,139.862,0.01,Morty,-327.694,4.123,40.051,-283.521,False,False
238.0,143.154,0.02,Morty,-327.694,-104.56,40.051,-392.203,False,False
239.0,147.886,0.02,Rick,-327.694,-104.56,-298.764,-731.018,False,False
240.0,153.979,0.07,Rick,-327.694,-104.56,-614.79,-1047.044,False,False
241.0,160.924,0.05,Rick,-327.694,-104.56,-1065.542,-1497.796,False,False
242.0,168.12,0.07,Rick,-327.694,-104.56,-1634.334,-2066.588,False,False
243.0,174.993,0.05,Rick,-327.694,-104.56,-2274.315,-2706.569,False,False
244.0,181.024,0.01,Rick,-327.694,-104.56,-2913.703,-3345.958,False,False
245.0,185.744,0.0,Rick,-327.694,-104.56,-3464.881,-3897.135,False,False
246.0,188.723,0.1,Rick,-327.694,-104.56,-3835.652,-4267.907,False,False
247.0,189.55,0.04,Rick,-327.694,-104.56,-3941.755,-4374.009,False,False
248.0,187.818,0.06,Rick,-327.694,-104.56,-3721.134,-4153.388,False,False
249.0,180.335,0.03,Rick,-327.694,-104.56,-2836.924,-3269.179,False,False
250.0,167.95,0.1,Rick,-327.694,-104.56,-1619.682,-2051.936,False,False
251.0,163.594,0.06,Rick,-327.694,-104.56,-1264.51,-1696.764,False,False
252.0,165.913,0.09,Rick,-327.694,-104.56,-1448.868,-1881.122,False,False
253.0,173.426,0.02,Rick,-327.694,-104.56,-2120.065,-2552.319,False,False
254.0,184.565,0.01,Rick,-327.694,-104.56,-3322.965,-3755.219,False,False
255.0,197.731,0.01,Rick,-327.694,-104.56,-5064.842,-5497.096,False,False
256.0,211.349,0.01,Rick,-327.694,-104.56,-7231.206,-7663.46,False,False
257.0,223.897,0.0,Rick,-327.694,-104.56,-9555.594,-9987.849,False,False
258.0,233.916,0.03,Rick,-327.694,-104.56,-11637.774,-12070.029,False,False
259.0,240.158,0.1,Rick,-327.694,-104.56,-13036.263,-13468.518,False,False
260.0,242.301,0.1,Rick,-327.694,-104.56,-13534.597,-13966.851,False,False
261.0,241.388,0.08,Rick,-327.694,-104.56,-13321.126,-13753.38,False,False
262.0,238.778,0.08,Rick,-327.694,-104.56,-12720.462,-13152.716,False,False
263.0,235.851,0.08,Rick,-327.694,-104.56,-12062.984,-12495.238,False,False
264.0,233.887,0.06,Rick,-327.694,-104.56,-11631.384,-12063.638,False,False
265.0,233.513,0.08,Rick,-327.694,-104.56,-11550.072,-11982.326,False,False
266.0,234.371,0.07,Rick,-327.694,-104.56,-11737.013,-12169.267,False,False
267.0,235.883,0.06,Rick,-327.694,-104.56,-12069.994,-12502.248,False,False
268.0,237.468,0.02,Rick,-327.694,-104.56,-12424.054,-12856.308,False,False
269.0,238.593,0.05,Rick,-327.694,-104.56,-12678.263,-13110.517,False,False
270.0,239.015,0.06,Rick,-327.694,-104.56,-12774.407,-13206.661,False,False
271.0,238.935,0.03,Rick,-327.694,-104.56,-12756.09,-13188.344,False,False
272.0,238.646,0.1,Rick,-327.694,-104.56,-12690.429,-13122.683,False,False
273.0,238.441,0.04,Rick,-327.694,-104.56,-12643.795,-13076.049,False,False
274.0,238.569,0.04,Rick,-327.694,-104.56,-12672.901,-13105.155,False,False
275.0,239.051,0.05,Rick,-327.694,-104.56,-12782.621,-13214.876,False,False
276.0,239.563,0.01,Rick,-327.694,-104.56,-12899.795,-13332.05,False,False
277.0,239.705,0.1,Rick,-327.694,-104.56,-12932.299,-13364.553,False,False
278.0,239.073,0.07,Rick,-327.694,-104.56,-12787.679,-13219.934,False,False
279.0,237.328,0.05,Rick,-327.694,-104.56,-12392.542,-12824.796,False,False
280.0,234.522,0.01,Rick,-327.694,-104.56,-11769.989,-12202.244,False,False
281.0,231.295,0.04,Rick,-327.694,-104.56,-11073.625,-11505.879,False,False
282.0,228.418,0.04,Rick,-327.694,-104.56,-10470.334,-10902.588,False,False
283.0,226.661,0.01,Rick,-327.694,-104.56,-10109.939,-10542.193,False,False
284.0,226.695,0.08,Rick,-327.694,-104.56,-10116.893,-10549.147,False,False
285.0,228.613,0.01,Rick,-327.694,-104.56,-10510.586,-10942.84,False,False
286.0,231.635,0.06,Rick,-327.694,-104.56,-11146.099,-11578.353,False,False
287.0,234.791,0.05,Rick,-327.694,-104.56,-11829.119,-12261.373,False,False
288.0,237.108,0.07,Rick,-327.694,-104.56,-12343.238,-12775.493,False,False
289.0,237.701,0.08,Rick,-327.694,-104.56,-12476.415,-12908.669,False,False
290.0,236.204,0.08,Rick,-327.694,-104.56,-12141.435,-12573.689,False,False
291.0,233.038,0.07,Rick,-327.694,-104.56,-11447.285,-11879.539,False,False
292.0,228.794,0.03,Rick,-327.694,-104.56,-10548.272,-10980.527,False,False
293.0,224.065,0.08,Rick,-327.694,-104.56,-9588.799,-10021.053,False,False
294.0,219.441,0.1,Rick,-327.694,-104.56,-8694.117,-9126.372,False,False
295.0,215.516,0.0,Rick,-327.694,-104.56,-7968.105,-8400.359,False,False
296.0,212.881,0.03,Rick,-327.694,-104.56,-7498.035,-7930.289,False,False
297.0,212.128,0.1,Rick,-327.694,-104.56,-7366.365,-7798.619,False,False
298.0,213.851,0.03,Rick,-327.694,-104.56,-7669.549,-8101.803,False,False
299.0,216.402,0.09,Rick,-327.694,-104.56,-8129.401,-8561.655,False,False
300.0,216.391,0.02,Rick,-327.694,-104.56,-8127.4,-8559.655,False,False
301.0,215.276,0.04,Rick,-327.694,-104.56,-7924.709,-8356.963,False,False
302.0,213.264,0.06,Rick,-327.694,-104.56,-7565.61,-7997.864,False,False
303.0,210.568,0.08,Rick,-327.694,-104.56,-7096.869,-7529.123,False,False
304.0,207.398,0.08,Rick,-327.694,-104.56,-6564.443,-6996.697,False,False
305.0,203.969,0.09,Rick,-327.694,-104.56,-6011.045,-6443.3,False,False
306.0,200.496,0.03,Rick,-327.694,-104.56,-5474.597,-5906.851,False,False
307.0,197.198,0.0,Rick,-327.694,-104.56,-4987.571,-5419.825,False,False
308.0,194.298,0.01,Rick,-327.694,-104.56,-4577.271,-5009.525,False,False
309.0,192.019,0.1,Rick,-327.694,-104.56,-4266.579,-4698.834,False,False
310.0,190.565,0.09,Rick,-327.694,-104.56,-4073.813,-4506.067,False,False
311.0,190.111,0.01,Rick,-327.694,-104.56,-4014.479,-4446.733,False,False
312.0,190.824,0.06,Rick,-327.694,-104.56,-4107.806,-4540.061,False,False
313.0,192.864,0.0,Rick,-327.694,-104.56,-4380.545,-4812.8,False,False
314.0,196.336,0.09,Rick,-327.694,-104.56,-4863.812,-5296.067,False,False
315.0,201.073,0.1,Rick,-327.694,-104.56,-5562.091,-5994.345,False,False
316.0,206.511,0.08,Rick,-327.694,-104.56,-6419.04,-6851.294,False,False
317.0,211.981,0.09,Rick,-327.694,-104.56,-7340.614,-7772.868,False,False
318.0,216.797,0.01,Rick,-327.694,-104.56,-8201.779,-8634.033,False,False
319.0,220.347,0.03,Rick,-327.694,-104.56,-8866.087,-9298.341,False,False
320.0,222.466,0.04,Rick,-327.694,-104.56,-9274.565,-9706.819,False,False
321.0,223.669,0.04,Rick,-327.694,-104.56,-9510.648,-9942.902,False,False
322.0,224.636,0.01,Rick,-327.694,-104.56,-9702.384,-10134.638,False,False
323.0,226.058,0.09,Rick,-327.694,-104.56,-9987.729,-10419.983,False,False
324.0,228.548,0.07,Rick,-327.694,-104.56,-10497.248,-10929.502,False,False
325.0,232.183,0.03,Rick,-327.694,-104.56,-11263.292,-11695.546,False,False
326.0,236.227,0.07,Rick,-327.694,-104.56,-12146.366,-12578.62,False,False
327.0,239.766,0.05,Rick,-327.694,-104.56,-12946.279,-13378.533,False,False
328.0,241.897,0.07,Rick,-327.694,-104.56,-13439.861,-13872.115,False,False
329.0,241.808,0.09,Rick,-327.694,-104.56,-13419.11,-13851.364,False,False
330.0,239.234,0.02,Rick,-327.694,-104.56,-12824.303,-13256.557,False,False
331.0,234.721,0.08,Rick,-327.694,-104.56,-11813.611,-12245.865,False,False
332.0,228.998,0.07,Rick,-327.694,-104.56,-10590.536,-11022.79,False,False
333.0,222.794,0.06,Rick,-327.694,-104.56,-9338.668,-9770.923,False,False
334.0,216.805,0.09,Rick,-327.694,-104.56,-8203.079,-8635.333,False,False
335.0,211.523,0.0,Rick,-327.694,-104.56,-7261.217,-7693.471,False,False
336.0,207.14,0.1,Rick,-327.694,-104.56,-6521.963,-6954.217,False,False
337.0,203.778,0.08,Rick,-327.694,-104.56,-5981.001,-6413.255,False,False
338.0,201.559,0.06,Rick,-327.694,-104.56,-5636.323,-6068.577,False,False
339.0,200.57,0.07,Rick,-327.694,-104.56,-5485.865,-5918.119,False,False
340.0,200.698,0.0,Rick,-327.694,-104.56,-5505.133,-5937.387,False,False
341.0,201.528,0.06,Rick,-327.694,-104.56,-5631.487,-6063.742,False,False
342.0,202.579,0.09,Rick,-327.694,-104.56,-5793.514,-6225.768,False,False
343.0,203.369,0.06,Rick,-327.694,-104.56,-5916.767,-6349.021,False,False
344.0,203.415,0.06,Rick,-327.694,-104.56,-5923.959,-6356.213,False,False
345.0,202.232,0.03,Rick,-327.694,-104.56,-5739.805,-6172.059,False,False
346.0,199.334,0.06,Rick,-327.694,-104.56,-5300.578,-5732.832,False,False
347.0,194.235,0.0,Rick,-327.694,-104.56,-4568.491,-5000.745,False,False
348.0,186.448,0.05,Rick,-327.694,-104.56,-3550.8,-3983.054,False,False
349.0,178.52,0.03,Rick,-327.694,-104.56,-2639.4,-3071.654,False,False
350.0,174.425,0.01,Rick,-327.694,-104.56,-2217.821,-2650.075,False,False
351.0,170.593,0.05,Rick,-327.694,-104.56,-1853.719,-2285.973,False,False
352.0,166.963,0.04,Rick,-327.694,-104.56,-1535.916,-1968.17,False,False
353.0,163.474,0.07,Rick,-327.694,-104.56,-1255.282,-1687.537,False,False
354.0,160.065,0.1,Rick,-327.694,-104.56,-1004.541,-1436.796,False,False
355.0,156.672,0.01,Rick,-327.694,-104.56,-778.143,-1210.397,False,False
356.0,153.235,0.09,Rick,-327.694,-104.56,-572.216,-1004.47,False,False
357.0,149.69,0.09,Rick,-327.694,-104.56,-384.594,-816.848,False,False
358.0,145.974,0.08,Rick,-327.694,-104.56,-214.924,-647.178,False,False
359.0,142.047,0.01,Rick,-327.694,-104.56,-65.606,-497.86,False,False
360.0,138.0,0.0,Rick,-327.694,-104.56,56.011,-376.243,False,False
361.0,134.121,0.06,Morty,-327.694,141.8,56.011,-129.883,False,False
362.0,130.746,0.03,Morty,-327.694,191.978,56.011,-79.705,False,False
363.0,128.208,0.02,Morty,-327.694,214.706,56.011,-56.977,False,False
364.0,126.787,0.02,Morty,-327.694,221.807,56.011,-49.876,False,False
365.0,126.439,0.04,Morty,-327.694,222.931,56.011,-48.752,False,False
366.0,126.634,0.02,Morty,-327.694,222.329,56.011,-49.353,False,False
367.0,126.737,0.03,Morty,-327.694,221.981,56.011,-49.702,False,False
368.0,126.112,0.01,Morty,-327.694,223.764,56.011,-47.919,False,False
369.0,124.194,0.06,Morty,-327.694,224.351,56.011,-47.332,False,False
370.0,120.864,0.0,Morty,-327.694,207.894,56.011,-63.789,False,False
371.0,116.663,0.03,Morty,-327.694,155.501,56.011,-116.182,False,False
372.0,112.282,0.04,Morty,-327.694,63.252,56.011,-208.431,False,False
373.0,108.409,0.04,Morty,-327.694,-50.246,56.011,-321.929,False,False
374.0,105.675,0.06,Morty,-327.694,-148.449,56.011,-420.132,False,False
375.0,104.347,0.04,Morty,-327.694,-201.531,56.011,-473.214,False,False
376.0,104.153,0.03,Morty,-327.694,-209.617,56.011,-481.3,False,False
377.0,104.697,0.0,Morty,-327.694,-187.224,56.011,-458.907,False,False
378.0,105.586,0.05,Morty,-327.694,-151.91,56.011,-423.592,False,False
379.0,106.443,0.04,Morty,-327.694,-119.356,56.011,-391.038,False,False
380.0,106.996,0.04,Morty,-327.694,-99.152,56.011,-370.835,False,False
381.0,107.127,0.05,Morty,-327.694,-94.46,56.011,-366.143,False,False
382.0,106.753,0.03,Morty,-327.694,-107.954,56.011,-379.636,False,False
383.0,105.793,0.04,Morty,-327.694,-143.928,56.011,-415.611,False,False
384.0,104.173,0.0,Morty,-327.694,-208.763,56.011,-480.446,False,False
385.0,101.885,0.0,Morty,-327.694,-309.284,56.011,-580.967,False,False
386.0,99.015,0.04,Morty,-327.694,-450.213,56.011,-721.896,False,False
387.0,95.669,0.06,Jerry,-635.33,-450.213,56.011,-1029.531,False,False
388.0,91.952,0.0,Jerry,-867.152,-450.213,56.011,-1261.354,False,False
389.0,87.975,0.0,Jerry,-1145.842,-450.213,56.011,-1540.043,False,False
390.0,83.862,0.0,Jerry,-1467.366,-450.213,56.011,-1861.567,False,False
391.0,79.759,0.0,Jerry,-1821.707,-450.213,56.011,-2215.908,False,False
392.0,75.821,0.0,Jerry,-2193.529,-450.213,56.011,-2587.731,False,False
393.0,72.2,0.0,Jerry,-2562.791,-450.213,56.011,-2956.993,False,False
394.0,69.049,0.0,Jerry,-2905.473,-450.213,56.011,-3299.675,False,False
395.0,66.521,0.0,Jerry,-3194.782,-450.213,56.011,-3588.983,False,False
396.0,64.769,0.0,Jerry,-3402.821,-450.213,56.011,-3797.022,False,False
397.0,63.945,0.0,Jerry,-3502.728,-450.213,56.011,-3896.929,False,False
398.0,64.203,0.0,Jerry,-3471.284,-450.213,56.011,-3865.486,False,False
399.0,64.928,0.0,Jerry,-3383.622,-450.213,56.011,-3777.824,False,False
400.0,64.697,0.0,Jerry,-3411.489,-450.213,56.011,-3805.69,False,False
401.0,63.601,0.0,Jerry,-3544.847,-450.213,56.011,-3939.048,False,False
402.0,61.863,0.0,Jerry,-3761.235,-450.213,56.011,-4155.437,False,False
403.0,59.706,0.0,Jerry,-4038.242,-450.213,56.011,-4432.444,False,False
404.0,57.353,0.0,Jerry,-4351.145,-450.213,56.011,-4745.346,False,False
405.0,55.025,0.0,Jerry,-4671.537,-450.213,56.011,-5065.738,False,False
406.0,52.945,0.0,Jerry,-4966.952,-450.213,56.011,-5361.154,False,False
407.0,51.335,0.0,Jerry,-5201.47,-450.213,56.011,-5595.672,False,False
408.0,50.419,0.0,Jerry,-5337.317,-450.213,56.011,-5731.519,False,False
409.0,50.389,0.0,Jerry,-5341.848,-450.213,56.011,-5736.05,False,False
410.0,51.261,0.0,Jerry,-5212.505,-450.213,56.011,-5606.707,False,False
411.0,52.786,0.0,Jerry,-4989.885,-450.213,56.011,-5384.087,False,False
412.0,54.657,0.0,Jerry,-4723.171,-450.213,56.011,-5117.372,False,False
413.0,56.566,0.0,Jerry,-4458.27,-450.213,56.011,-4852.472,False,False
414.0,58.226,0.0,Jerry,-4233.802,-450.213,56.011,-4628.004,False,False
415.0,59.478,0.0,Jerry,-4068.118,-450.213,56.011,-4462.32,False,False
416.0,60.355,0.0,Jerry,-3954.018,-450.213,56.011,-4348.219,False,False
417.0,60.93,0.0,Jerry,-3879.981,-450.213,56.011,-4274.182,False,False
418.0,61.278,0.0,Jerry,-3835.474,-450.213,56.011,-4229.675,False,False
419.0,61.482,0.0,Jerry,-3809.514,-450.213,56.011,-4203.715,False,False
420.0,61.674,0.0,Jerry,-3785.173,-450.213,56.011,-4179.375,False,False
421.0,62.06,0.0,Jerry,-3736.416,-450.213,56.011,-4130.617,False,False
422.0,62.868,0.0,Jerry,-3635.411,-450.213,56.011,-4029.612,False,False
423.0,64.347,0.0,Jerry,-3453.847,-450.213,56.011,-3848.048,False,False
424.0,66.743,0.0,Jerry,-3168.882,-450.213,56.011,-3563.083,False,False
425.0,70.054,0.0,Jerry,-2794.024,-450.213,56.011,-3188.225,False,False
426.0,73.866,0.0,Jerry,-2389.714,-450.213,56.011,-2783.916,False,False
427.0,77.683,0.0,Jerry,-2013.93,-450.213,56.011,-2408.131,False,False
428.0,81.013,0.0,Jerry,-1709.817,-450.213,56.011,-2104.018,False,False
429.0,83.426,0.0,Jerry,-1503.409,-450.213,56.011,-1897.611,False,False
430.0,84.92,0.0,Jerry,-1381.429,-450.213,56.011,-1775.63,False,False
431.0,86.141,0.0,Jerry,-1285.032,-450.213,56.011,-1679.233,False,False
432.0,87.788,0.0,Jerry,-1159.743,-450.213,56.011,-1553.944,False,False
433.0,90.465,0.0,Jerry,-967.641,-450.213,56.011,-1361.843,False,False
434.0,94.658,0.0,Jerry,-695.612,-450.213,56.011,-1089.814,False,False
435.0,100.431,0.0,Jerry,-378.639,-450.213,56.011,-772.841,False,False
436.0,107.252,0.0,Morty,-378.639,-90.007,56.011,-412.635,False,False
437.0,114.504,0.02,Morty,-378.639,114.841,56.011,-207.787,False,False
438.0,121.631,0.02,Morty,-378.639,213.649,56.011,-108.979,False,False
439.0,128.157,0.02,Morty,-378.639,215.036,56.011,-107.592,False,False
440.0,133.851,0.01,Morty,-378.639,146.651,56.011,-175.977,False,False
441.0,138.821,0.03,Morty,-378.639,33.973,56.011,-288.654,False,False
442.0,143.259,0.04,Morty,-378.639,-108.407,56.011,-431.035,False,False
443.0,147.372,0.06,Rick,-378.639,-108.407,-275.504,-762.551,False,False
444.0,151.371,0.1,Rick,-378.639,-108.407,-470.453,-957.499,False,False
445.0,155.473,0.1,Rick,-378.639,-108.407,-703.63,-1190.676,False,False
446.0,159.894,0.05,Rick,-378.639,-108.407,-992.566,-1479.613,False,False
447.0,164.846,0.04,Rick,-378.639,-108.407,-1362.718,-1849.764,False,False
448.0,170.542,0.01,Rick,-378.639,-108.407,-1849.116,-2336.162,False,False
449.0,176.524,0.02,Rick,-378.639,-108.407,-2429.678,-2916.724,False,False
450.0,181.048,0.07,Rick,-378.639,-108.407,-2916.356,-3403.402,False,False
451.0,183.183,0.01,Rick,-378.639,-108.407,-3160.311,-3647.358,False,False
452.0,183.403,0.09,Rick,-378.639,-108.407,-3185.856,-3672.902,False,False
453.0,182.174,0.07,Rick,-378.639,-108.407,-3043.897,-3530.943,False,False
454.0,179.965,0.03,Rick,-378.639,-108.407,-2796.168,-3283.214,False,False
455.0,177.239,0.04,Rick,-378.639,-108.407,-2503.946,-2990.993,False,False
456.0,174.459,0.05,Rick,-378.639,-108.407,-2221.172,-2708.219,False,False
457.0,172.084,0.0,Rick,-378.639,-108.407,-1991.879,-2478.926,False,False
458.0,170.573,0.1,Rick,-378.639,-108.407,-1851.875,-2338.922,False,False
459.0,170.318,0.1,Rick,-378.639,-108.407,-1828.709,-2315.756,False,False
460.0,171.319,0.09,Rick,-378.639,-108.407,-1920.462,-2407.509,False,False
461.0,172.989,0.09,Rick,-378.639,-108.407,-2077.967,-2565.014,False,False
462.0,174.61,0.04,Rick,-378.639,-108.407,-2236.121,-2723.167,False,False
463.0,175.461,0.04,Rick,-378.639,-108.407,-2321.331,-2808.377,False,False
464.0,174.909,0.01,Rick,-378.639,-108.407,-2265.861,-2752.907,False,False
465.0,172.824,0.08,Rick,-378.639,-108.407,-2062.177,-2549.224,False,False
466.0,169.844,0.05,Rick,-378.639,-108.407,-1785.987,-2273.034,False,False
467.0,166.772,0.09,Rick,-378.639,-108.407,-1519.866,-2006.913,False,False
468.0,164.411,0.06,Rick,-378.639,-108.407,-1328.246,-1815.292,False,False
469.0,163.487,0.07,Rick,-378.639,-108.407,-1256.254,-1743.301,False,False
470.0,164.244,0.01,Rick,-378.639,-108.407,-1315.078,-1802.125,False,False
471.0,166.207,0.09,Rick,-378.639,-108.407,-1473.049,-1960.096,False,False
472.0,168.744,0.02,Rick,-378.639,-108.407,-1688.525,-2175.572,False,False
473.0,171.219,0.08,Rick,-378.639,-108.407,-1911.234,-2398.28,False,False
474.0,173.051,0.1,Rick,-378.639,-108.407,-2083.944,-2570.99,False,False
475.0,173.964,0.1,Rick,-378.639,-108.407,-2172.501,-2659.548,False,False
476.0,174.142,0.0,Rick,-378.639,-108.407,-2189.962,-2677.008,False,False
477.0,173.872,0.01,Rick,-378.639,-108.407,-2163.5,-2650.547,False,False
478.0,173.442,0.04,Rick,-378.639,-108.407,-2121.59,-2608.636,False,False
479.0,173.115,0.04,Rick,-378.639,-108.407,-2090.056,-2577.102,False,False
480.0,173.02,0.03,Rick,-378.639,-108.407,-2080.954,-2568.0,False,False
481.0,173.08,0.05,Rick,-378.639,-108.407,-2086.663,-2573.71,False,False
482.0,173.171,0.03,Rick,-378.639,-108.407,-2095.408,-2582.454,False,False
483.0,173.172,0.01,Rick,-378.639,-108.407,-2095.494,-2582.54,False,False
484.0,172.977,0.05,Rick,-378.639,-108.407,-2076.781,-2563.828,False,False
485.0,172.569,0.07,Rick,-378.639,-108.407,-2037.805,-2524.852,False,False
486.0,172.061,0.06,Rick,-378.639,-108.407,-1989.743,-2476.789,False,False
487.0,171.598,0.04,Rick,-378.639,-108.407,-1946.371,-2433.418,False,False
488.0,171.328,0.08,Rick,-378.639,-108.407,-1921.266,-2408.312,False,False
489.0,171.391,0.05,Rick,-378.639,-108.407,-1927.143,-2414.189,False,False
490.0,171.866,0.06,Rick,-378.639,-108.407,-1971.413,-2458.459,False,False
491.0,172.732,0.07,Rick,-378.639,-108.407,-2053.349,-2540.395,False,False
492.0,173.945,0.03,Rick,-378.639,-108.407,-2170.613,-2657.659,False,False
493.0,175.451,0.06,Rick,-378.639,-108.407,-2320.281,-2807.327,False,False
494.0,177.179,0.01,Rick,-378.639,-108.407,-2497.655,-2984.701,False,False
495.0,179.039,0.09,Rick,-378.639,-108.407,-2695.165,-3182.212,False,False
496.0,180.917,0.02,Rick,-378.639,-108.407,-2901.715,-3388.761,False,False
497.0,182.687,0.04,Rick,-378.639,-108.407,-3102.738,-3589.785,False,False
498.0,184.211,0.05,Rick,-378.639,-108.407,-3280.96,-3768.006,False,False
499.0,185.449,0.07,Rick,-378.639,-108.407,-3429.024,-3916.07,False,False
500.0,186.512,0.06,Rick,-378.639,-108.407,-3558.699,-4045.746,False,False
501.0,187.412,0.01,Rick,-378.639,-108.407,-3670.317,-4157.363,False,False
502.0,188.104,0.03,Rick,-378.639,-108.407,-3757.103,-4244.149,False,False
503.0,188.551,0.0,Rick,-378.639,-108.407,-3813.7,-4300.747,False,False
504.0,188.728,0.06,Rick,-378.639,-108.407,-3836.304,-4323.35,False,False
505.0,188.621,0.03,Rick,-378.639,-108.407,-3822.659,-4309.705,False,False
506.0,188.222,0.03,Rick,-378.639,-108.407,-3771.968,-4259.014,False,False
507.0,187.528,0.02,Rick,-378.639,-108.407,-3684.727,-4171.773,False,False
508.0,186.543,0.1,Rick,-378.639,-108.407,-3562.529,-4049.575,False,False
509.0,185.286,0.02,Rick,-378.639,-108.407,-3409.346,-3896.393,False,False
510.0,183.851,0.08,Rick,-378.639,-108.407,-3238.419,-3725.466,False,False
511.0,182.446,0.02,Rick,-378.639,-108.407,-3075.089,-3562.136,False,False
512.0,181.305,0.08,Rick,-378.639,-108.407,-2945.282,-3432.328,False,False
513.0,180.66,0.05,Rick,-378.639,-108.407,-2873.078,-3360.124,False,False
514.0,180.708,0.04,Rick,-378.639,-108.407,-2878.4,-3365.447,False,False
515.0,181.427,0.07,Rick,-378.639,-108.407,-2958.982,-3446.029,False,False
516.0,182.467,0.1,Rick,-378.639,-108.407,-3077.478,-3564.525,False,False
517.0,183.407,0.02,Rick,-378.639,-108.407,-3186.361,-3673.408,False,False
518.0,183.822,0.05,Rick,-378.639,-108.407,-3235.039,-3722.086,False,False
519.0,183.324,0.07,Rick,-378.639,-108.407,-3176.685,-3663.731,False,False
520.0,181.739,0.04,Rick,-378.639,-108.407,-2994.288,-3481.335,False,False
521.0,179.217,0.03,Rick,-378.639,-108.407,-2714.434,-3201.48,False,False
522.0,175.979,0.02,Rick,-378.639,-108.407,-2373.815,-2860.861,False,False
523.0,172.245,0.06,Rick,-378.639,-108.407,-2007.118,-2494.165,False,False
524.0,168.235,0.08,Rick,-378.639,-108.407,-1644.302,-2131.349,False,False
525.0,164.161,0.06,Rick,-378.639,-108.407,-1308.591,-1795.638,False,False
526.0,160.225,0.09,Rick,-378.639,-108.407,-1015.798,-1502.844,False,False
527.0,156.627,0.1,Rick,-378.639,-108.407,-775.273,-1262.319,False,False
528.0,153.567,0.0,Rick,-378.639,-108.407,-591.072,-1078.119,False,False
529.0,151.212,0.04,Rick,-378.639,-108.407,-462.053,-949.1,False,False
530.0,149.537,0.1,Rick,-378.639,-108.407,-377.051,-864.098,False,False
531.0,148.231,0.07,Rick,-378.639,-108.407,-314.657,-801.704,False,False
532.0,146.917,0.01,Rick,-378.639,-108.407,-255.373,-742.42,False,False
533.0,145.221,0.05,Rick,-378.639,-108.407,-183.907,-670.954,False,False
534.0,142.807,0.1,Rick,-378.639,-108.407,-92.101,-579.147,False,False
535.0,139.585,0.1,Rick,-378.639,-108.407,12.264,-474.783,False,False
536.0,135.835,0.09,Morty,-378.639,107.599,12.264,-258.777,False,False
537.0,131.917,0.01,Morty,-378.639,177.149,12.264,-189.227,False,False
538.0,128.193,0.0,Morty,-378.639,214.804,12.264,-151.571,False,False
539.0,124.997,0.03,Morty,-378.639,225.0,12.264,-141.376,False,False
540.0,122.509,0.0,Morty,-378.639,218.795,12.264,-147.581,False,False
541.0,120.677,0.06,Morty,-378.639,206.314,12.264,-160.062,False,False
542.0,119.398,0.02,Morty,-378.639,193.619,12.264,-172.757,False,False
543.0,118.568,0.02,Morty,-378.639,183.628,12.264,-182.747,False,False
544.0,118.083,0.0,Morty,-378.639,177.157,12.264,-189.219,False,False
545.0,117.84,0.02,Morty,-378.639,173.736,12.264,-192.64,False,False
546.0,117.735,0.0,Morty,-378.639,172.225,12.264,-194.151,False,False
547.0,117.665,0.05,Morty,-378.639,171.201,12.264,-195.174,False,False
548.0,117.526,0.02,Morty,-378.639,169.144,12.264,-197.232,False,False
549.0,117.11,0.05,Morty,-378.639,162.748,12.264,-203.627,False,False
550.0,116.317,0.04,Morty,-378.639,149.601,12.264,-216.775,False,False
551.0,115.478,0.01,Morty,-378.639,134.325,12.264,-232.051,False,False
552.0,114.51,0.01,Morty,-378.639,114.963,12.264,-251.412,False,False
553.0,113.332,0.02,Morty,-378.639,88.849,12.264,-277.527,False,False
554.0,111.859,0.05,Morty,-378.639,52.321,12.264,-314.054,False,False
555.0,110.01,0.03,Morty,-378.639,0.311,12.264,-366.064,False,False
556.0,107.702,0.0,Morty,-378.639,-74.217,12.264,-440.592,False,False
557.0,104.852,0.0,Morty,-378.639,-180.959,12.264,-547.334,False,False
558.0,101.376,0.03,Morty,-378.639,-333.1,12.264,-699.476,False,False
559.0,97.225,0.03,Morty,-378.639,-546.47,12.264,-912.846,False,False
560.0,92.544,0.01,Jerry,-828.404,-546.47,12.264,-1362.611,False,False
561.0,87.773,0.0,Jerry,-1160.816,-546.47,12.264,-1695.022,False,False
562.0,83.419,0.0,Jerry,-1503.977,-546.47,12.264,-2038.184,False,False
563.0,79.986,0.0,Jerry,-1801.263,-546.47,12.264,-2335.47,False,False
564.0,77.921,0.0,Jerry,-1991.479,-546.47,12.264,-2525.685,False,False
565.0,77.314,0.0,Jerry,-2048.967,-546.47,12.264,-2583.173,False,False
566.0,77.725,0.0,Jerry,-2009.942,-546.47,12.264,-2544.148,False,False
567.0,78.594,0.0,Jerry,-1928.537,-546.47,12.264,-2462.744,False,False
568.0,79.361,0.0,Jerry,-1857.906,-546.47,12.264,-2392.112,False,False
569.0,79.509,0.0,Jerry,-1844.406,-546.47,12.264,-2378.612,False,False
570.0,78.772,0.0,Jerry,-1911.992,-546.47,12.264,-2446.198,False,False
571.0,77.262,0.0,Jerry,-2053.882,-546.47,12.264,-2588.088,False,False
572.0,75.175,0.0,Jerry,-2257.527,-546.47,12.264,-2791.733,False,False
573.0,72.706,0.0,Jerry,-2509.64,-546.47,12.264,-3043.846,False,False
574.0,70.059,0.0,Jerry,-2793.473,-546.47,12.264,-3327.679,False,False
575.0,67.484,0.0,Jerry,-3083.079,-546.47,12.264,-3617.286,False,False
576.0,65.299,0.0,Jerry,-3339.187,-546.47,12.264,-3873.393,False,False
577.0,63.839,0.0,Jerry,-3515.691,-546.47,12.264,-4049.898,False,False
578.0,63.437,0.0,Jerry,-3564.995,-546.47,12.264,-4099.201,False,False
579.0,64.365,0.0,Jerry,-3451.56,-546.47,12.264,-3985.766,False,False
580.0,66.519,0.0,Jerry,-3195.05,-546.47,12.264,-3729.257,False,False
581.0,69.228,0.0,Jerry,-2885.501,-546.47,12.264,-3419.708,False,False
582.0,71.699,0.0,Jerry,-2616.035,-546.47,12.264,-3150.242,False,False
583.0,73.136,0.0,Jerry,-2464.917,-546.47,12.264,-2999.123,False,False
584.0,72.837,0.0,Jerry,-2495.991,-546.47,12.264,-3030.198,False,False
585.0,70.656,0.0,Jerry,-2728.255,-546.47,12.264,-3262.461,False,False
586.0,67.281,0.0,Jerry,-3106.517,-546.47,12.264,-3640.724,False,False
587.0,63.583,0.0,Jerry,-3547.032,-546.47,12.264,-4081.238,False,False
588.0,60.436,0.0,Jerry,-3943.514,-546.47,12.264,-4477.72,False,False
589.0,58.636,0.0,Jerry,-4179.167,-546.47,12.264,-4713.373,False,False
590.0,58.526,0.0,Jerry,-4193.741,-546.47,12.264,-4727.948,False,False
591.0,59.769,0.0,Jerry,-4030.124,-546.47,12.264,-4564.33,False,False
592.0,61.874,0.0,Jerry,-3759.951,-546.47,12.264,-4294.157,False,False
593.0,64.351,0.0,Jerry,-3453.248,-546.47,12.264,-3987.455,False,False
594.0,66.713,0.0,Jerry,-3172.385,-546.47,12.264,-3706.591,False,False
595.0,68.468,0.0,Jerry,-2970.814,-546.47,12.264,-3505.021,False,False
596.0,69.129,0.0,Jerry,-2896.612,-546.47,12.264,-3430.819,False,False
597.0,68.204,0.0,Jerry,-3000.803,-546.47,12.264,-3535.01,False,False
598.0,65.205,0.0,Jerry,-3350.481,-546.47,12.264,-3884.687,False,False
599.0,62.281,0.0,Jerry,-3708.658,-546.47,12.264,-4242.864,False,False
600.0,62.667,0.0,Jerry,-3660.407,-546.47,12.264,-4194.613,False,False
601.0,62.931,0.0,Jerry,-3627.56,-546.47,12.264,-4161.766,False,False
602.0,63.093,0.0,Jerry,-3607.476,-546.47,12.264,-4141.682,False,False
603.0,63.173,0.0,Jerry,-3597.61,-546.47,12.264,-4131.817,False,False
604.0,63.19,0.0,Jerry,-3595.479,-546.47,12.264,-4129.685,False,False
605.0,63.165,0.0,Jerry,-3598.628,-546.47,12.264,-4132.835,False,False
606.0,63.116,0.0,Jerry,-3604.616,-546.47,12.264,-4138.823,False,False
607.0,63.065,0.0,Jerry,-3610.997,-546.47,12.264,-4145.203,False,False
608.0,63.03,0.0,Jerry,-3615.317,-546.47,12.264,-4149.523,False,False
609.0,63.038,0.0,Jerry,-3614.34,-546.47,12.264,-4148.547,False,False
610.0,63.152,0.0,Jerry,-3600.183,-546.47,12.264,-4134.39,False,False
611.0,63.493,0.0,Jerry,-3558.119,-546.47,12.264,-4092.326,False,False
612.0,64.193,0.0,Jerry,-3472.452,-546.47,12.264,-4006.658,False,False
613.0,65.386,0.0,Jerry,-3328.846,-546.47,12.264,-3863.053,False,False
614.0,67.181,0.0,Jerry,-3118.083,-546.47,12.264,-3652.29,False,False
615.0,69.552,0.0,Jerry,-2849.531,-546.47,12.264,-3383.737,False,False
616.0,72.269,0.0,Jerry,-2555.604,-546.47,12.264,-3089.81,False,False
617.0,75.056,0.0,Jerry,-2269.386,-546.47,12.264,-2803.592,False,False
618.0,77.639,0.0,Jerry,-2018.075,-546.47,12.264,-2552.281,False,False
619.0,79.752,0.0,Jerry,-1822.384,-546.47,12.264,-2356.591,False,False
620.0,81.195,0.0,Jerry,-1693.872,-546.47,12.264,-2228.078,False,False
621.0,81.864,0.0,Jerry,-1635.676,-546.47,12.264,-2169.882,False,False
622.0,81.678,0.0,Jerry,-1651.811,-546.47,12.264,-2186.017,False,False
623.0,80.553,0.0,Jerry,-1750.542,-546.47,12.264,-2284.748,False,False
624.0,78.451,0.0,Jerry,-1941.814,-546.47,12.264,-2476.02,False,False
625.0,75.594,0.0,Jerry,-2215.968,-546.47,12.264,-2750.175,False,False
626.0,72.595,0.0,Jerry,-2521.32,-546.47,12.264,-3055.526,False,False
627.0,70.153,0.0,Jerry,-2783.151,-546.47,12.264,-3317.357,False,False
628.0,68.97,0.0,Jerry,-2914.359,-546.47,12.264,-3448.565,False,False
629.0,69.655,0.0,Jerry,-2838.071,-546.47,12.264,-3372.278,False,False
630.0,72.281,0.0,Jerry,-2554.265,-546.47,12.264,-3088.472,False,False
631.0,76.116,0.0,Jerry,-2164.672,-546.47,12.264,-2698.878,False,False
632.0,80.246,0.0,Jerry,-1777.912,-546.47,12.264,-2312.118,False,False
633.0,83.76,0.0,Jerry,-1475.731,-546.47,12.264,-2009.937,False,False
634.0,85.825,0.0,Jerry,-1309.676,-546.47,12.264,-1843.882,False,False
635.0,86.086,0.0,Jerry,-1289.278,-546.47,12.264,-1823.484,False,False
636.0,84.906,0.0,Jerry,-1382.546,-546.47,12.264,-1916.753,False,False
637.0,82.805,0.0,Jerry,-1555.426,-546.47,12.264,-2089.632,False,False
638.0,80.305,0.0,Jerry,-1772.642,-546.47,12.264,-2306.849,False,False
639.0,77.897,0.0,Jerry,-1993.657,-546.47,12.264,-2527.863,False,False
640.0,75.893,0.0,Jerry,-2186.487,-546.47,12.264,-2720.694,False,False
641.0,74.333,0.0,Jerry,-2342.159,-546.47,12.264,-2876.365,False,False
642.0,73.197,0.0,Jerry,-2458.522,-546.47,12.264,-2992.728,False,False
643.0,72.467,0.0,Jerry,-2534.718,-546.47,12.264,-3068.925,False,False
644.0,72.123,0.0,Jerry,-2571.022,-546.47,12.264,-3105.228,False,False
645.0,72.145,0.0,Jerry,-2568.682,-546.47,12.264,-3102.888,False,False
646.0,72.514,0.0,Jerry,-2529.78,-546.47,12.264,-3063.987,False,False
647.0,73.211,0.0,Jerry,-2457.092,-546.47,12.264,-2991.299,False,False
648.0,74.217,0.0,Jerry,-2353.954,-546.47,12.264,-2888.161,False,False
649.0,76.091,0.0,Jerry,-2167.122,-546.47,12.264,-2701.328,False,False
650.0,79.205,0.0,Jerry,-1872.165,-546.47,12.264,-2406.372,False,False
651.0,82.016,0.0,Jerry,-1622.655,-546.47,12.264,-2156.861,False,False
652.0,84.534,0.0,Jerry,-1412.474,-546.47,12.264,-1946.681,False,False
653.0,86.773,0.0,Jerry,-1236.28,-546.47,12.264,-1770.486,False,False
654.0,88.745,0.0,Jerry,-1089.429,-546.47,12.264,-1623.636,False,False
655.0,90.461,0.0,Jerry,-967.915,-546.47,12.264,-1502.121,False,False
656.0,91.935,0.0,Jerry,-868.301,-546.47,12.264,-1402.507,False,False
657.0,93.178,0.0,Jerry,-787.661,-546.47,12.264,-1321.867,False,False
658.0,94.202,0.0,Jerry,-723.521,-546.47,12.264,-1257.728,False,False
659.0,95.021,0.0,Jerry,-673.763,-546.47,12.264,-1207.97,False,False
660.0,95.651,0.0,Jerry,-636.359,-546.47,12.264,-1170.566,False,False
661.0,96.117,0.0,Jerry,-609.219,-546.47,12.264,-1143.426,False,False
662.0,96.444,0.0,Jerry,-590.436,-546.47,12.264,-1124.643,False,False
663.0,96.657,0.0,Jerry,-578.302,-546.47,12.264,-1112.508,False,False
664.0,96.781,0.0,Jerry,-571.31,-546.47,12.264,-1105.516,False,False
665.0,96.832,0.0,Jerry,-568.452,-546.47,12.264,-1102.659,False,False
666.0,96.815,0.0,Jerry,-569.386,-546.47,12.264,-1103.593,False,False
667.0,96.735,0.0,Jerry,-573.937,-546.47,12.264,-1108.144,False,False
668.0,96.593,0.0,Jerry,-581.954,-546.47,12.264,-1116.16,False,False
669.0,96.391,0.0,Jerry,-593.481,-546.47,12.264,-1127.688,False,False
670.0,96.109,0.0,Jerry,-609.671,-546.47,12.264,-1143.877,False,False
671.0,95.702,0.0,Jerry,-633.39,-546.47,12.264,-1167.596,False,False
672.0,95.115,0.0,Jerry,-668.11,-546.47,12.264,-1202.317,False,False
673.0,94.296,0.0,Jerry,-717.71,-546.47,12.264,-1251.917,False,False
674.0,93.21,0.0,Jerry,-785.595,-546.47,12.264,-1319.802,False,False
675.0,91.924,0.0,Jerry,-868.995,-546.47,12.264,-1403.201,False,False
676.0,90.663,0.0,Jerry,-954.021,-546.47,12.264,-1488.227,False,False
677.0,89.685,0.0,Jerry,-1022.162,-546.47,12.264,-1556.368,False,False
678.0,89.248,0.0,Jerry,-1053.205,-546.47,12.264,-1587.411,False,False
679.0,89.573,0.0,Jerry,-1030.057,-546.47,12.264,-1564.263,False,False
680.0,90.653,0.0,Jerry,-954.715,-546.47,12.264,-1488.921,False,False
681.0,92.138,0.0,Jerry,-854.908,-546.47,12.264,-1389.114,False,False
682.0,93.603,0.0,Jerry,-760.774,-546.47,12.264,-1294.981,False,False
683.0,94.622,0.0,Jerry,-697.799,-546.47,12.264,-1232.005,False,False
684.0,94.82,0.0,Jerry,-685.845,-546.47,12.264,-1220.051,False,False
685.0,94.111,0.0,Jerry,-729.113,-546.47,12.264,-1263.32,False,False
686.0,92.852,0.0,Jerry,-808.493,-546.47,12.264,-1342.699,False,False
687.0,91.495,0.0,Jerry,-897.603,-546.47,12.264,-1431.81,False,False
688.0,90.492,0.0,Jerry,-965.793,-546.47,12.264,-1499.999,False,False
689.0,90.252,0.0,Jerry,-982.419,-546.47,12.264,-1516.626,False,False
690.0,90.913,0.0,Jerry,-936.939,-546.47,12.264,-1471.145,False,False
691.0,92.208,0.0,Jerry,-850.297,-546.47,12.264,-1384.504,False,False
692.0,93.783,0.0,Jerry,-749.518,-546.47,12.264,-1283.725,False,False
693.0,95.28,0.0,Jerry,-658.263,-546.47,12.264,-1192.469,False,False
694.0,96.345,0.0,Jerry,-596.106,-546.47,12.264,-1130.312,False,False
695.0,96.621,0.0,Jerry,-580.352,-546.47,12.264,-1114.559,False,False
696.0,95.753,0.0,Jerry,-630.385,-546.47,12.264,-1164.591,False,False
697.0,93.385,0.0,Jerry,-774.538,-546.47,12.264,-1308.744,False,False
698.0,89.16,0.0,Jerry,-1059.512,-546.47,12.264,-1593.718,False,False
699.0,88.597,0.0,Jerry,-1100.15,-546.47,12.264,-1634.356,False,False
700.0,97.042,0.0,Jerry,-556.638,-546.47,12.264,-1090.844,False,False
701.0,102.344,0.0,Jerry,-288.283,-546.47,12.264,-822.489,False,False
702.0,105.047,0.0,Morty,-288.283,-173.115,12.264,-449.134,False,False
703.0,105.695,0.01,Morty,-288.283,-147.696,12.264,-423.716,False,False
704.0,104.83,0.03,Morty,-288.283,-181.815,12.264,-457.834,False,False
705.0,102.998,0.02,Morty,-288.283,-259.093,12.264,-535.112,False,False
706.0,100.741,0.06,Morty,-288.283,-363.501,12.264,-639.52,False,False
707.0,98.603,0.02,Morty,-288.283,-471.793,12.264,-747.812,False,False
708.0,97.128,0.05,Jerry,-551.844,-471.793,12.264,-1011.373,False,False
709.0,96.816,0.0,Jerry,-569.313,-471.793,12.264,-1028.842,False,False
710.0,97.913,0.0,Jerry,-508.729,-471.793,12.264,-968.258,False,False
711.0,100.276,0.0,Jerry,-386.27,-471.793,12.264,-845.799,False,False
712.0,103.681,0.0,Morty,-386.27,-229.488,12.264,-603.494,False,False
713.0,107.902,0.06,Morty,-386.27,-67.338,12.264,-441.344,False,False
714.0,112.705,0.0,Morty,-386.27,73.823,12.264,-300.183,False,False
715.0,117.806,0.02,Morty,-386.27,173.249,12.264,-200.757,False,False
716.0,122.851,0.01,Morty,-386.27,220.383,12.264,-153.623,False,False
717.0,127.468,0.03,Morty,-386.27,218.91,12.264,-155.096,False,False
718.0,131.284,0.0,Morty,-386.27,185.507,12.264,-188.499,False,False
719.0,133.969,0.04,Morty,-386.27,144.552,12.264,-229.454,False,False
720.0,135.434,0.0,Morty,-386.27,116.138,12.264,-257.868,False,False
721.0,135.952,0.01,Morty,-386.27,105.05,12.264,-268.956,False,False
722.0,135.88,0.05,Morty,-386.27,106.623,12.264,-267.382,False,False
723.0,135.573,0.04,Morty,-386.27,113.213,12.264,-260.793,False,False
724.0,135.359,0.01,Morty,-386.27,117.69,12.264,-256.316,False,False
725.0,135.404,0.0,Morty,-386.27,116.756,12.264,-257.25,False,False
726.0,135.629,0.03,Morty,-386.27,112.017,12.264,-261.989,False,False
727.0,135.902,0.05,Morty,-386.27,106.139,12.264,-267.867,False,False
728.0,136.09,0.06,Morty,-386.27,102.006,12.264,-272.0,False,False
729.0,136.08,0.04,Morty,-386.27,102.228,12.264,-271.778,False,False
730.0,135.878,0.06,Morty,-386.27,106.665,12.264,-267.34,False,False
731.0,135.668,0.06,Morty,-386.27,111.191,12.264,-262.815,False,False
732.0,135.674,0.04,Morty,-386.27,111.068,12.264,-262.938,False,False
733.0,136.119,0.04,Morty,-386.27,101.368,12.264,-272.638,False,False
734.0,137.198,0.01,Morty,-386.27,76.22,12.264,-297.786,False,False
735.0,138.927,0.02,Morty,-386.27,31.048,12.264,-342.958,False,False
736.0,141.058,0.04,Morty,-386.27,-32.865,12.264,-406.871,False,False
737.0,143.285,0.03,Rick,-386.27,-32.865,-109.341,-528.476,False,False
738.0,145.3,0.04,Rick,-386.27,-32.865,-187.088,-606.222,False,False
739.0,146.823,0.05,Rick,-386.27,-32.865,-251.239,-670.374,False,False
740.0,147.735,0.05,Rick,-386.27,-32.865,-291.887,-711.022,False,False
741.0,148.16,0.02,Rick,-386.27,-32.865,-311.397,-730.532,False,False
742.0,148.28,0.08,Rick,-386.27,-32.865,-316.953,-736.088,False,False
743.0,148.298,0.0,Rick,-386.27,-32.865,-317.811,-736.946,False,False
744.0,148.467,0.07,Rick,-386.27,-32.865,-325.689,-744.824,False,False
745.0,149.087,0.09,Rick,-386.27,-32.865,-355.206,-774.341,False,False
746.0,150.501,0.02,Rick,-386.27,-32.865,-425.31,-844.445,False,False
747.0,153.07,0.07,Rick,-386.27,-32.865,-562.906,-982.041,False,False
748.0,157.158,0.08,Rick,-386.27,-32.865,-809.129,-1228.264,False,False
749.0,162.841,0.06,Rick,-386.27,-32.865,-1206.958,-1626.093,False,False
750.0,169.44,0.06,Rick,-386.27,-32.865,-1749.951,-2169.086,False,False
751.0,176.281,0.02,Rick,-386.27,-32.865,-2404.763,-2823.898,False,False
752.0,183.411,0.01,Rick,-386.27,-32.865,-3186.829,-3605.964,False,False
753.0,190.783,0.04,Rick,-386.27,-32.865,-4102.453,-4521.588,False,False
754.0,198.304,0.04,Rick,-386.27,-32.865,-5148.476,-5567.611,False,False
755.0,205.88,0.05,Rick,-386.27,-32.865,-6316.537,-6735.672,False,False
756.0,213.457,0.05,Rick,-386.27,-32.865,-7599.577,-8018.712,False,False
757.0,221.036,0.0,Rick,-386.27,-32.865,-8997.934,-9417.069,False,False
758.0,228.676,0.08,Rick,-386.27,-32.865,-10523.75,-10942.885,False,False
759.0,236.444,0.1,Rick,-386.27,-32.865,-12194.865,-12614.0,False,False
760.0,244.211,0.01,Rick,-386.27,-32.865,-13986.223,-14405.358,False,False
761.0,251.519,0.05,Rick,-386.27,-32.865,-15782.07,-16201.205,False,False
762.0,257.853,0.07,Rick,-386.27,-32.865,-17424.948,-17844.083,False,False
763.0,262.709,0.08,Rick,-386.27,-32.865,-18738.754,-19157.889,False,False
764.0,265.659,0.09,Rick,-386.27,-32.865,-19560.064,-19979.199,False,False
765.0,266.702,0.05,Rick,-386.27,-32.865,-19854.323,-20273.458,False,False
766.0,266.465,0.06,Rick,-386.27,-32.865,-19787.294,-20206.429,False,False
767.0,265.718,0.09,Rick,-386.27,-32.865,-19576.505,-19995.64,False,False
768.0,265.227,0.1,Rick,-386.27,-32.865,-19438.551,-19857.686,False,False
769.0,265.686,0.01,Rick,-386.27,-32.865,-19567.59,-19986.725,False,False
770.0,267.373,0.02,Rick,-386.27,-32.865,-20045.194,-20464.329,False,False
771.0,269.942,0.02,Rick,-386.27,-32.865,-20783.299,-21202.434,False,False
772.0,272.906,0.01,Rick,-386.27,-32.865,-21651.179,-22070.314,False,False
773.0,275.775,0.03,Rick,-386.27,-32.865,-22507.962,-22927.097,False,False
774.0,278.095,0.1,Rick,-386.27,-32.865,-23213.078,-23632.213,False,False
775.0,279.645,0.0,Rick,-386.27,-32.865,-23690.143,-24109.278,False,False
776.0,280.551,0.0,Rick,-386.27,-32.865,-23971.02,-24390.155,False,False
777.0,281.013,0.05,Rick,-386.27,-32.865,-24115.076,-24534.211,False,False
778.0,281.233,0.08,Rick,-386.27,-32.865,-24183.626,-24602.761,False,False
779.0,281.384,0.02,Rick,-386.27,-32.865,-24231.104,-24650.238,False,False
780.0,281.499,0.04,Rick,-386.27,-32.865,-24266.854,-24685.989,False,False
781.0,281.388,0.04,Rick,-386.27,-32.865,-24232.33,-24651.465,False,False
782.0,280.818,0.06,Rick,-386.27,-32.865,-24054.149,-24473.284,False,False
783.0,279.55,0.01,Rick,-386.27,-32.865,-23660.757,-24079.892,False,False
784.0,277.384,0.06,Rick,-386.27,-32.865,-22996.032,-23415.167,False,False
785.0,274.332,0.05,Rick,-386.27,-32.865,-22075.04,-22494.175,False,False
786.0,270.724,0.07,Rick,-386.27,-32.865,-21010.34,-21429.475,False,False
787.0,266.961,0.04,Rick,-386.27,-32.865,-19927.832,-20346.967,False,False
788.0,263.445,0.07,Rick,-386.27,-32.865,-18941.967,-19361.102,False,False
789.0,260.551,0.06,Rick,-386.27,-32.865,-18149.033,-18568.167,False,False
790.0,258.496,0.1,Rick,-386.27,-32.865,-17596.266,-18015.401,False,False
791.0,257.263,0.06,Rick,-386.27,-32.865,-17268.46,-17687.595,False,False
792.0,256.78,0.02,Rick,-386.27,-32.865,-17140.853,-17559.988,False,False
793.0,256.975,0.01,Rick,-386.27,-32.865,-17192.529,-17611.664,False,False
794.0,257.78,0.0,Rick,-386.27,-32.865,-17405.421,-17824.556,False,False
795.0,259.121,0.01,Rick,-386.27,-32.865,-17763.426,-18182.56,False,False
796.0,260.929,0.03,Rick,-386.27,-32.865,-18251.629,-18670.764,False,False
797.0,263.133,0.1,Rick,-386.27,-32.865,-18855.637,-19274.772,False,False
798.0,265.663,0.0,Rick,-386.27,-32.865,-19561.003,-19980.138,False,False
799.0,267.717,0.07,Rick,-386.27,-32.865,-20143.09,-20562.225,False,False
800.0,268.275,0.06,Rick,-386.27,-32.865,-20302.799,-20721.934,False,False
801.0,268.402,0.0,Rick,-386.27,-32.865,-20339.252,-20758.387,False,False
802.0,268.453,0.02,Rick,-386.27,-32.865,-20353.662,-20772.797,False,False
803.0,268.912,0.09,Rick,-386.27,-32.865,-20485.75,-20904.885,False,False
804.0,269.989,0.0,Rick,-386.27,-32.865,-20796.838,-21215.973,False,False
805.0,271.647,0.08,Rick,-386.27,-32.865,-21280.208,-21699.343,False,False
806.0,273.735,0.04,Rick,-386.27,-32.865,-21897.069,-22316.204,False,False
807.0,276.096,0.0,Rick,-386.27,-32.865,-22605.075,-23024.21,False,False
808.0,278.623,0.01,Rick,-386.27,-32.865,-23375.074,-23794.209,False,False
809.0,281.268,0.0,Rick,-386.27,-32.865,-24194.63,-24613.765,False,False
810.0,284.002,0.04,Rick,-386.27,-32.865,-25056.584,-25475.719,False,False
811.0,286.782,0.03,Rick,-386.27,-32.865,-25948.528,-26367.663,False,False
812.0,289.585,0.08,Rick,-386.27,-32.865,-26863.381,-27282.516,False,False
813.0,292.408,0.06,Rick,-386.27,-32.865,-27800.601,-28219.736,False,False
814.0,295.243,0.08,Rick,-386.27,-32.865,-28757.64,-29176.775,False,False
815.0,297.977,0.08,Rick,-386.27,-32.865,-29696.135,-30115.27,False,False
816.0,300.338,0.07,Rick,-386.27,-32.865,-30518.575,-30937.71,False,False
817.0,302.017,0.04,Rick,-386.27,-32.865,-31109.857,-31528.992,False,False
818.0,302.7,0.09,Rick,-386.27,-32.865,-31352.21,-31771.345,False,False
819.0,302.111,0.03,Rick,-386.27,-32.865,-31143.226,-31562.361,False,False
820.0,300.192,0.04,Rick,-386.27,-32.865,-30467.07,-30886.205,False,False
821.0,297.215,0.05,Rick,-386.27,-32.865,-29432.836,-29851.971,False,False
822.0,293.523,0.05,Rick,-386.27,-32.865,-28175.136,-28594.271,False,False
823.0,289.459,0.07,Rick,-386.27,-32.865,-26821.834,-27240.969,False,False
824.0,285.337,0.06,Rick,-386.27,-32.865,-25483.082,-25902.217,False,False
825.0,281.332,0.07,Rick,-386.27,-32.865,-24214.788,-24633.923,False,False
826.0,277.408,0.05,Rick,-386.27,-32.865,-23003.168,-23422.303,False,False
827.0,273.48,0.02,Rick,-386.27,-32.865,-21821.384,-22240.519,False,False
828.0,269.464,0.01,Rick,-386.27,-32.865,-20644.849,-21063.984,False,False
829.0,265.285,0.04,Rick,-386.27,-32.865,-19454.99,-19874.125,False,False
830.0,260.946,0.09,Rick,-386.27,-32.865,-18256.337,-18675.472,False,False
831.0,256.562,0.09,Rick,-386.27,-32.865,-17083.459,-17502.594,False,False
832.0,252.272,0.03,Rick,-386.27,-32.865,-15973.261,-16392.396,False,False
833.0,248.218,0.01,Rick,-386.27,-32.865,-14957.731,-15376.866,False,False
834.0,244.535,0.03,Rick,-386.27,-32.865,-14063.695,-14482.83,False,False
835.0,241.341,0.07,Rick,-386.27,-32.865,-13310.144,-13729.279,False,False
836.0,238.723,0.1,Rick,-386.27,-32.865,-12707.81,-13126.945,False,False
837.0,236.763,0.04,Rick,-386.27,-32.865,-12265.926,-12685.061,False,False
838.0,235.543,0.1,Rick,-386.27,-32.865,-11994.795,-12413.93,False,False
839.0,235.127,0.09,Rick,-386.27,-32.865,-11902.988,-12322.123,False,False
840.0,235.47,0.02,Rick,-386.27,-32.865,-11978.712,-12397.847,False,False
841.0,236.367,0.05,Rick,-386.27,-32.865,-12177.624,-12596.759,False,False
842.0,237.575,0.09,Rick,-386.27,-32.865,-12448.17,-12867.305,False,False
843.0,238.853,0.0,Rick,-386.27,-32.865,-12737.437,-13156.572,False,False
844.0,239.958,0.03,Rick,-386.27,-32.865,-12990.239,-13409.373,False,False
845.0,240.648,0.0,Rick,-386.27,-32.865,-13149.383,-13568.518,False,False
846.0,240.681,0.0,Rick,-386.27,-32.865,-13157.107,-13576.242,False,False
847.0,239.816,0.05,Rick,-386.27,-32.865,-12957.69,-13376.825,False,False
848.0,237.811,0.03,Rick,-386.27,-32.865,-12501.23,-12920.365,False,False
849.0,232.616,0.03,Rick,-386.27,-32.865,-11356.222,-11775.357,False,False
850.0,224.425,0.02,Rick,-386.27,-32.865,-9660.282,-10079.417,False,False
851.0,220.843,0.09,Rick,-386.27,-32.865,-8960.896,-9380.031,False,False
852.0,220.879,0.09,Rick,-386.27,-32.865,-8967.723,-9386.858,False,False
853.0,223.54,0.09,Rick,-386.27,-32.865,-9485.071,-9904.206,False,False
854.0,227.835,0.07,Rick,-386.27,-32.865,-10349.984,-10769.118,False,False
855.0,232.773,0.07,Rick,-386.27,-32.865,-11390.035,-11809.17,False,False
856.0,237.365,0.07,Rick,-386.27,-32.865,-12400.821,-12819.956,False,False
857.0,240.62,0.08,Rick,-386.27,-32.865,-13143.092,-13562.227,False,False
858.0,241.552,0.07,Rick,-386.27,-32.865,-13359.482,-13778.617,False,False
859.0,239.319,0.06,Rick,-386.27,-32.865,-12843.803,-13262.938,False,False
860.0,233.947,0.04,Rick,-386.27,-32.865,-11644.533,-12063.668,False,False
861.0,226.769,0.01,Rick,-386.27,-32.865,-10131.981,-10551.116,False,False
862.0,219.405,0.04,Rick,-386.27,-32.865,-8687.273,-9106.408,False,False
863.0,213.472,0.01,Rick,-386.27,-32.865,-7602.289,-8021.423,False,False
864.0,210.415,0.06,Rick,-386.27,-32.865,-7070.69,-7489.825,False,False
865.0,210.661,0.04,Rick,-386.27,-32.865,-7112.771,-7531.906,False,False
866.0,213.115,0.03,Rick,-386.27,-32.865,-7539.303,-7958.438,False,False
867.0,216.339,0.05,Rick,-386.27,-32.865,-8117.897,-8537.032,False,False
868.0,218.889,0.1,Rick,-386.27,-32.865,-8590.225,-9009.36,False,False
869.0,219.455,0.06,Rick,-386.27,-32.865,-8696.772,-9115.907,False,False
870.0,217.54,0.08,Rick,-386.27,-32.865,-8338.738,-8757.873,False,False
871.0,213.872,0.06,Rick,-386.27,-32.865,-7673.165,-8092.3,False,False
872.0,209.45,0.05,Rick,-386.27,-32.865,-6906.838,-7325.973,False,False
873.0,205.283,0.08,Rick,-386.27,-32.865,-6220.329,-6639.464,False,False
874.0,202.292,0.05,Rick,-386.27,-32.865,-5749.084,-6168.219,False,False
875.0,200.874,0.09,Rick,-386.27,-32.865,-5531.916,-5951.051,False,False
876.0,200.632,0.04,Rick,-386.27,-32.865,-5495.224,-5914.359,False,False
877.0,200.994,0.0,Rick,-386.27,-32.865,-5550.157,-5969.292,False,False
878.0,201.392,0.07,Rick,-386.27,-32.865,-5610.783,-6029.918,False,False
879.0,201.301,0.07,Rick,-386.27,-32.865,-5596.898,-6016.033,False,False
880.0,200.456,0.02,Rick,-386.27,-32.865,-5468.603,-5887.738,False,False
881.0,198.977,0.08,Rick,-386.27,-32.865,-5247.573,-5666.708,False,False
882.0,197.074,0.04,Rick,-386.27,-32.865,-4969.614,-5388.749,False,False
883.0,194.98,0.08,Rick,-386.27,-32.865,-4672.218,-5091.353,False,False
884.0,192.962,0.08,Rick,-386.27,-32.865,-4393.817,-4812.952,False,False
885.0,191.226,0.0,Rick,-386.27,-32.865,-4160.881,-4580.016,False,False
886.0,189.851,0.06,Rick,-386.27,-32.865,-3980.691,-4399.826,False,False
887.0,188.88,0.04,Rick,-386.27,-32.865,-3855.69,-4274.825,False,False
888.0,188.309,0.03,Rick,-386.27,-32.865,-3782.975,-4202.11,False,False
889.0,188.075,0.0,Rick,-386.27,-32.865,-3753.434,-4172.569,False,False
890.0,188.141,0.04,Rick,-386.27,-32.865,-3761.803,-4180.938,False,False
891.0,188.552,0.01,Rick,-386.27,-32.865,-3813.911,-4233.046,False,False
892.0,189.335,0.1,Rick,-386.27,-32.865,-3914.035,-4333.17,False,False
893.0,190.497,0.01,Rick,-386.27,-32.865,-4064.824,-4483.959,False,False
894.0,192.056,0.05,Rick,-386.27,-32.865,-4271.503,-4690.638,False,False
895.0,194.065,0.03,Rick,-386.27,-32.865,-4544.918,-4964.053,False,False
896.0,196.613,0.08,Rick,-386.27,-32.865,-4903.438,-5322.573,False,False
897.0,199.829,0.02,Rick,-386.27,-32.865,-5374.345,-5793.48,False,False
898.0,203.869,0.02,Rick,-386.27,-32.865,-5995.37,-6414.505,False,False
899.0,208.868,0.0,Rick,-386.27,-32.865,-6808.82,-7227.955,False,False
900.0,213.406,0.0,Rick,-386.27,-32.865,-7590.577,-8009.712,False,False
901.0,214.786,0.07,Rick,-386.27,-32.865,-7836.486,-8255.621,False,False
902.0,213.628,0.0,Rick,-386.27,-32.865,-7630.011,-8049.146,False,False
903.0,210.558,0.0,Rick,-386.27,-32.865,-7095.164,-7514.299,False,False
904.0,206.199,0.0,Rick,-386.27,-32.865,-6368.35,-6787.485,False,False
905.0,201.178,0.05,Rick,-386.27,-32.865,-5578.093,-5997.228,False,False
906.0,196.118,0.01,Rick,-386.27,-32.865,-4832.715,-5251.85,False,False
907.0,191.64,0.06,Rick,-386.27,-32.865,-4215.938,-4635.073,False,False
908.0,188.366,0.08,Rick,-386.27,-32.865,-3790.307,-4209.442,False,False
909.0,186.832,0.06,Rick,-386.27,-32.865,-3598.242,-4017.377,False,False
910.0,187.083,0.0,Rick,-386.27,-32.865,-3629.332,-4048.467,False,False
911.0,188.428,0.08,Rick,-386.27,-32.865,-3798.158,-4217.293,False,False
912.0,190.012,0.05,Rick,-386.27,-32.865,-4001.541,-4420.676,False,False
913.0,190.976,0.02,Rick,-386.27,-32.865,-4127.849,-4546.984,False,False
914.0,190.549,0.03,Rick,-386.27,-32.865,-4071.692,-4490.827,False,False
915.0,188.481,0.04,Rick,-386.27,-32.865,-3804.776,-4223.911,False,False
916.0,185.303,0.06,Rick,-386.27,-32.865,-3411.457,-3830.592,False,False
917.0,181.723,0.07,Rick,-386.27,-32.865,-2992.483,-3411.618,False,False
918.0,178.445,0.06,Rick,-386.27,-32.865,-2631.386,-3050.521,False,False
919.0,176.104,0.1,Rick,-386.27,-32.865,-2386.589,-2805.724,False,False
920.0,174.908,0.1,Rick,-386.27,-32.865,-2265.814,-2684.949,False,False
921.0,174.432,0.07,Rick,-386.27,-32.865,-2218.524,-2637.659,False,False
922.0,174.108,0.02,Rick,-386.27,-32.865,-2186.576,-2605.711,False,False
923.0,173.367,0.07,Rick,-386.27,-32.865,-2114.384,-2533.519,False,False
924.0,171.7,0.07,Rick,-386.27,-32.865,-1955.886,-2375.021,False,False
925.0,168.946,0.09,Rick,-386.27,-32.865,-1706.288,-2125.423,False,False
926.0,165.473,0.07,Rick,-386.27,-32.865,-1413.044,-1832.179,False,False
927.0,161.762,0.1,Rick,-386.27,-32.865,-1126.434,-1545.569,False,False
928.0,158.296,0.03,Rick,-386.27,-32.865,-883.655,-1302.79,False,False
929.0,155.52,0.09,Rick,-386.27,-32.865,-706.451,-1125.586,False,False
930.0,153.637,0.01,Rick,-386.27,-32.865,-595.089,-1014.224,False,False
931.0,152.499,0.1,Rick,-386.27,-32.865,-531.187,-950.322,False,False
932.0,151.875,0.06,Rick,-386.27,-32.865,-497.286,-916.421,False,False
933.0,151.538,0.08,Rick,-386.27,-32.865,-479.246,-898.381,False,False
934.0,151.265,0.06,Rick,-386.27,-32.865,-464.859,-883.994,False,False
935.0,150.889,0.02,Rick,-386.27,-32.865,-445.265,-864.4,False,False
936.0,150.32,0.1,Rick,-386.27,-32.865,-416.091,-835.226,False,False
937.0,149.483,0.08,Rick,-386.27,-32.865,-374.409,-793.544,False,False
938.0,148.306,0.02,Rick,-386.27,-32.865,-318.157,-737.292,False,False
939.0,146.73,0.0,Rick,-386.27,-32.865,-247.197,-666.332,False,False
940.0,144.782,0.06,Rick,-386.27,-32.865,-166.346,-585.481,False,False
941.0,142.617,0.08,Rick,-386.27,-32.865,-85.345,-504.48,False,False
942.0,140.415,0.04,Rick,-386.27,-32.865,-12.634,-431.769,False,False
943.0,138.363,0.01,Rick,-386.27,-32.865,46.44,-372.695,False,False
944.0,136.644,0.04,Morty,-386.27,89.426,46.44,-250.403,False,False
945.0,135.445,0.02,Morty,-386.27,115.901,46.44,-223.929,False,False
946.0,134.956,0.01,Morty,-386.27,125.883,46.44,-213.947,False,False
947.0,135.367,0.01,Morty,-386.27,117.532,46.44,-222.298,False,False
948.0,136.871,0.03,Morty,-386.27,84.076,46.44,-255.753,False,False
949.0,139.15,0.06,Morty,-386.27,24.787,46.44,-315.043,False,False
950.0,140.917,0.04,Morty,-386.27,-28.344,46.44,-368.174,False,False
951.0,141.48,0.04,Rick,-386.27,-28.344,-46.595,-461.208,False,False
952.0,141.083,0.09,Rick,-386.27,-28.344,-33.65,-448.263,False,False
953.0,139.955,0.03,Rick,-386.27,-28.344,1.345,-413.269,False,False
954.0,138.315,0.01,Morty,-386.27,47.718,1.345,-337.207,False,False
955.0,136.366,0.02,Morty,-386.27,95.818,1.345,-289.107,False,False
956.0,134.304,0.0,Morty,-386.27,138.429,1.345,-246.496,False,False
957.0,132.323,0.01,Morty,-386.27,171.372,1.345,-213.553,False,False
958.0,130.616,0.02,Morty,-386.27,193.456,1.345,-191.469,False,False
959.0,129.366,0.05,Morty,-386.27,205.942,1.345,-178.983,False,False
960.0,128.654,0.0,Morty,-386.27,211.647,1.345,-173.278,False,False
